924,2
924,1
924,0
921,5
921,4
921,3
921,2
921,1
921,0
918,5
918,4
918,3
918,2
918,1
918,0
915,4
915,3
915,2
915,1
915,0
913,4
913,3
913,2
913,1
913,0
911,3
911,2
911,1
911,0
910,3
910,2
910,1
910,0
909,3
909,2
909,1
909,0
720,4
720,3
720,2
720,1
720,0
719,3
719,2
719,1
719,0
718,4
718,3
718,2
718,1
718,0
717,4
717,3
717,2
717,1
717,0
716,5
716,4
716,3
716,2
716,1
716,0
715,6
715,5
715,4
715,3
715,2
715,1
715,0
714,4
714,3
714,2
714,1
714,0
713,3
713,2
713,1
713,0
712,4
712,3
712,2
712,1
712,0
711,5
711,4
711,3
711,2
711,1
711,0
710,5
710,4
710,3
710,2
710,1
710,0
709,5
709,4
709,3
709,2
709,1
709,0
708,3
708,2
708,1
708,0
707,3
707,2
707,1
707,0
706,4
706,3
706,2
706,1
706,0
705,5
705,4
705,3
705,2
705,1
705,0
704,4
704,3
704,2
704,1
704,0
703,4
703,3
703,2
703,1
703,0
702,5
702,4
702,3
702,2
702,1
702,0
699,4
699,3
699,2
699,1
699,0
697,4
697,3
697,2
697,1
697,0
507,3
507,2
507,1
507,0
506,5
506,4
506,3
506,2
506,1
506,0
505,4
505,3
505,2
505,1
505,0
504,3
504,2
504,1
504,0
503,4
503,3
503,2
503,1
503,0
502,3
502,2
502,1
502,0
501,3
501,2
501,1
501,0
500,5
500,4
500,3
500,2
500,1
500,0
499,4
499,3
499,2
499,1
499,0
498,5
498,4
498,3
498,2
498,1
498,0
497,4
497,3
497,2
497,1
497,0
496,4
496,3
496,2
496,1
496,0
495,5
495,4
495,3
495,2
495,1
495,0
494,3
494,2
494,1
494,0
4,3
2,15
2,13
2,12
2,11
2,10
2,7
2,6
2,4
2,3
2,2
2,1
2,0
1,3
0,465
0,464
0,463
0,243
0,9
0,1
924,3
924,4
924,6
927,0
927,2
927,3
927,5
929,1
929,2
929,4
932,0
932,2
932,4
932,5
933,1
933,2
936,0
936,1
936,3
936,5
938,0
938,2
938,3
940,0
940,2
940,3
985,0
985,1
985,3
985,4
986,0
986,2
986,3
987,0
987,1
987,3
988,1
988,2
989,0
989,1
989,3
989,4
990,0
990,2
990,3
990,5
991,0
991,2
991,4
991,5
992,1
992,2
992,4
993,1
993,2
994,0
994,1
994,3
994,4
995,1
995,3
995,4
995,6
996,0
996,2
996,4
996,5
997,1
997,2
997,4
997,5
998,1
998,3
998,4
999,0
999,1
999,3
999,5
1000,0
1000,2
1000,3
1000,5
1001,0
1001,2
1002,0
1002,1
1002,3
1002,4
1059,0
1059,2
1059,3
1060,1
1060,2
1061,0
1061,2
1061,3
1061,5
1062,0
1062,2
1062,3
1063,0
1063,2
1063,3
1063,5
1063,6
1063,8
1063,10
1063,11
1063,13
1063,14
1063,16
1063,17
1063,19
1063,21
1063,22
1063,24
1063,25
1063,27
1063,29
1063,30
1063,32
1063,33
1063,35
1063,64
1063,66
1063,68
1063,69
1063,71
1063,72
1063,74
1063,76
1063,77
1063,79
1063,80
1063,82
1063,83
1063,85
1063,87
1063,88
1063,90
1063,91
1063,93
1063,95
1063,96
1063,98
1063,99
1063,101
1063,103
1063,104
1063,106
1063,107
1063,109
1063,110
1063,112
1063,114
1063,115
1063,117
1063,118
1063,120
1063,122
1063,123
1063,125
1063,126
1063,128
1063,129
1063,131
1063,133
1063,134
1063,136
1063,137
1063,139
1063,141
1063,142
1063,144
1063,145
1063,147
1063,148
1063,150
1063,152
1063,153
1063,155
1063,156
1063,158
1063,160
1063,161
1063,163
1063,164
1063,166
1063,168
1063,169
1063,171
1063,172
1063,174
1063,175
1063,177
1063,179
1063,180
1063,182
1063,183
1063,185
1063,187
1063,188
1063,190
1063,191
1063,193
1063,194
1063,196
1063,198
1063,199
1063,201
1063,202
1063,204
1063,206
1063,207
1063,209
1063,210
1063,212
1063,213
1063,215
1063,217
1063,218
1063,220
1063,221
1063,223
1063,225
1063,226
1063,228
1063,229
1063,231
1063,232
1063,234
1063,236
1063,237
1063,239
1063,240
1063,242
1063,244
1063,245
1063,247
1063,248
1063,250
1063,252
1063,253
1063,255
1063,256
1063,258
1063,259
1063,261
1063,263
1063,264
1063,266
1063,267
1063,269
1063,271
1063,272
1063,274
1063,275
1063,277
1063,278
1063,280
1063,282
1063,283
1063,285
1063,286
1063,288
1063,290
1063,291
1063,293
1063,294
1063,296
1063,297
1063,299
1063,301
1063,302
1063,304
1063,305
1063,307
1063,309
1063,310
1063,312
1063,313
1063,315
1063,317
1063,318
1063,320
1063,321
1063,323
1063,324
1063,326
1063,328
1063,329
1063,331
1063,332
1063,334
1063,336
1063,337
1063,339
1063,340
1063,342
1063,343
1063,345
1063,347
1063,348
1063,350
1063,351
1063,353
1063,355
1063,356
1063,358
1063,359
1063,361
1063,362
1063,364
1063,366
1063,367
1063,369
1063,370
1063,372
1063,374
1063,375
1063,377
1063,378
1063,380
1063,382
1063,383
1063,385
1063,386
1063,388
1063,389
1063,391
1063,393
1063,394
1063,396
1063,397
1063,399
1063,401
1063,402
1063,404
1063,405
1063,407
1063,408
1063,410
1063,412
1063,413
1063,415
1063,416
1063,418
1063,420
1063,421
1063,423
1063,424
1063,426
1063,427
1063,429
1063,431
1063,432
1063,434
1063,435
1063,437
1063,439
1063,440
1063,442
1063,443
1063,445
1063,446
1063,448
1063,450
1063,451
1063,453
1063,454
1063,456
1063,458
1063,459
1063,461
1063,462
1063,464
1063,466
1063,467
1063,469
1063,470
1063,472
1063,473
1063,475
1063,477
1063,478
1063,480
1063,481
1063,483
1063,485
1063,486
1063,488
1063,489
1063,491
1063,492
1063,494
1063,496
1063,497
1063,499
1063,500
1063,502
1063,504
1063,505
1063,507
1063,508
1063,510
1063,511
1063,513
1063,515
1063,516
1063,518
1063,519
1063,521
1063,523
1063,524
1063,526
1063,527
1063,529
1063,531
1063,532
1063,534
1063,535
1063,537
1063,538
1063,540
1063,542
1063,543
1063,545
1063,546
1063,548
1063,550
1063,551
1063,553
1063,554
1063,556
1063,557
1063,559
1064,0
1064,1
1064,3
1065,0
1065,2
1065,4
1065,5
1066,1
1066,2
1066,4
1066,5
1067,1
1067,3
1067,4
1068,0
1068,1
1068,3
1069,0
1069,1
1069,3
1070,0
1070,2
1070,3
1071,0
1071,2
1071,3
1071,5
1071,6
1072,1
1072,3
1072,4
1073,0
1073,1
1073,3
1074,0
1074,1
1074,3
1075,0
1075,2
1075,3
1076,0
1076,2
1076,3
1077,1
1077,2
1078,0
1078,2
1078,3
1078,5
1078,6
1079,0
1079,1
1079,3
1080,1
1080,2
1081,0
1081,1
1081,3
1082,1
1082,2
1082,3
1082,0
1081,2
1080,3
1080,0
1079,2
1078,7
1078,4
1078,1
1077,3
1077,0
1076,1
1075,4
1075,1
1074,2
1073,4
1073,2
1072,5
1072,2
1072,0
1071,4
1071,1
1070,4
1070,1
1069,2
1068,4
1068,2
1067,5
1067,2
1067,0
1066,3
1066,0
1065,3
1065,1
1064,2
1063,560
1063,558
1063,555
1063,552
1063,549
1063,547
1063,544
1063,541
1063,539
1063,536
1063,533
1063,530
1063,528
1063,525
1063,522
1063,520
1063,517
1063,514
1063,512
1063,509
1063,506
1063,503
1063,501
1063,498
1063,495
1063,493
1063,490
1063,487
1063,484
1063,482
1063,479
1063,476
1063,474
1063,471
1063,468
1063,465
1063,463
1063,460
1063,457
1063,455
1063,452
1063,449
1063,447
1063,444
1063,441
1063,438
1063,436
1063,433
1063,430
1063,428
1063,425
1063,422
1063,419
1063,417
1063,414
1063,411
1063,409
1063,406
1063,403
1063,400
1063,398
1063,395
1063,392
1063,390
1063,387
1063,384
1063,381
1063,379
1063,376
1063,373
1063,371
1063,368
1063,365
1063,363
1063,360
1063,357
1063,354
1063,352
1063,349
1063,346
1063,344
1063,341
1063,338
1063,335
1063,333
1063,330
1063,327
1063,325
1063,322
1063,319
1063,316
1063,314
1063,311
1063,308
1063,306
1063,303
1063,300
1063,298
1063,295
1063,292
1063,289
1063,287
1063,284
1063,281
1063,279
1063,276
1063,273
1063,270
1063,268
1063,265
1063,262
1063,260
1063,257
1063,254
1063,251
1063,249
1063,246
1063,243
1063,241
1063,238
1063,235
1063,233
1063,230
1063,227
1063,224
1063,222
1063,219
1063,216
1063,214
1063,211
1063,208
1063,205
1063,203
1063,200
1063,197
1063,195
1063,192
1063,189
1063,186
1063,184
1063,181
1063,178
1063,176
1063,173
1063,170
1063,167
1063,165
1063,162
1063,159
1063,157
1063,154
1063,151
1063,149
1063,146
1063,143
1063,140
1063,138
1063,135
1063,132
1063,130
1063,127
1063,124
1063,121
1063,119
1063,116
1063,113
1063,111
1063,108
1063,105
1063,102
1063,100
1063,97
1063,94
1063,92
1063,89
1063,86
1063,84
1063,81
1063,78
1063,75
1063,73
1063,70
1063,67
1063,65
1063,34
1063,31
1063,28
1063,26
1063,23
1063,20
1063,18
1063,15
1063,12
1063,9
1063,7
1063,4
1063,1
1062,4
1062,1
1061,4
1061,1
1060,3
1060,0
1059,1
1002,5
1002,2
1001,3
1001,1
1000,4
1000,1
999,4
999,2
998,5
998,2
998,0
997,3
997,0
996,3
996,1
995,5
995,2
995,0
994,2
993,3
993,0
992,3
992,0
991,3
991,1
990,4
990,1
989,5
989,2
988,3
988,0
987,2
986,4
986,1
985,5
985,2
940,4
940,1
938,4
938,1
936,4
936,2
933,3
933,0
932,3
932,1
929,3
929,0
927,4
927,1
924,5
0,474
0,300
0,299
0,298
0,297
0,296
0,295
0,294
0,293
0,292
0,291
0,290
0,289
0,288
0,287
0,286
0,285
0,284
0,283
0,282
0,281
0,280
0,279
0,278
0,277
0,276
0,275
0,274
0,273
0,272
0,271
0,270
0,269
0,268
0,267
0,266
0,265
0,264
0,263
0,262
0,261
0,260
0,259
0,258
0,257
0,256
0,255
0,254
0,253
0,252
0,251
0,250
0,249
0,248
0,247
0,246
0,245
0,244
0,242
0,241
0,240
0,239
0,238
0,237
0,236
0,235
0,234
0,233
0,232
0,231
0,230
0,229
0,228
0,227
0,226
0,225
0,224
0,223
0,222
0,221
0,220
0,219
0,218
0,217
0,216
0,215
0,214
0,213
0,212
0,211
0,210
0,209
0,208
0,207
0,206
0,205
0,204
0,203
0,202
0,201
0,200
0,199
0,198
0,197
0,196
0,195
0,194
0,193
0,192
0,63
0,62
0,61
0,60
0,59
0,58
0,57
0,56
0,55
0,54
0,53
0,52
0,51
0,50
0,49
0,48
0,47
0,46
0,45
0,6
0,0
0,5
0,304
0,303
0,306
0,305
0,302
0,12
0,309
0,10
0,8
0,473
0,11
0,4
0,2
0,3
0,7
